12 48
0 1 3 1 1 1
0 4 5 1 1 1
0 9 7 1 1 1
0 11 10 1 1 1
1 0 3 1 1 1
1 2 4 1 1 1
1 9 6 1 1 1
1 10 8 1 1 1
2 1 4 1 1 1
2 3 5 1 1 1
2 10 7 1 1 1
2 11 9 1 1 1
3 2 5 1 1 1
3 6 1 1 1 1
3 7 0 1 1 1
3 11 8 1 1 1
4 0 5 1 1 1
4 7 2 1 1 1
4 8 1 1 1 1
4 11 6 1 1 1
5 6 4 1 1 1
5 8 3 1 1 1
5 9 2 1 1 1
5 10 0 1 1 1
6 3 1 1 1 1
6 5 4 1 1 1
6 7 9 1 1 1
6 10 11 1 1 1
7 3 0 1 1 1
7 4 2 1 1 1
7 6 9 1 1 1
7 8 10 1 1 1
8 4 1 1 1 1
8 5 3 1 1 1
8 7 10 1 1 1
8 9 11 1 1 1
9 0 7 1 1 1
9 1 6 1 1 1
9 5 2 1 1 1
9 8 11 1 1 1
10 1 8 1 1 1
10 2 7 1 1 1
10 5 0 1 1 1
10 6 11 1 1 1
11 0 10 1 1 1
11 2 9 1 1 1
11 3 8 1 1 1
11 4 6 1 1 1
120
0 2 6 1 1 3 1 3 1 7 1 7 1 9 1
0 2 6 1 1 3 1 5 1 7 1 9 1 10 1
0 1 4 1 1 3 2 7 2 9 1
0 2 6 1 1 5 1 5 1 9 1 10 1 10 1
0 1 4 1 1 5 2 9 1 10 2
0 2 6 3 1 3 1 4 1 7 1 7 1 11 1
0 2 6 3 1 4 1 5 1 7 1 10 1 11 1
0 1 4 3 2 4 1 7 2 11 1
0 2 6 4 1 5 1 5 1 10 1 10 1 11 1
0 1 4 4 1 5 2 10 2 11 1
1 2 6 0 1 3 1 3 1 6 1 6 1 9 1
1 2 6 0 1 3 1 4 1 6 1 8 1 9 1
1 1 4 0 1 3 2 6 2 9 1
1 2 6 0 1 4 1 4 1 8 1 8 1 9 1
1 1 4 0 1 4 2 8 2 9 1
1 2 6 2 1 3 1 3 1 6 1 6 1 10 1
1 2 6 2 1 3 1 4 1 6 1 8 1 10 1
1 1 4 2 1 3 2 6 2 10 1
1 2 6 2 1 4 1 4 1 8 1 8 1 10 1
1 1 4 2 1 4 2 8 2 10 1
2 2 6 1 1 4 1 4 1 7 1 7 1 10 1
2 2 6 1 1 4 1 5 1 7 1 9 1 10 1
2 1 4 1 1 4 2 7 2 10 1
2 2 6 1 1 5 1 5 1 9 1 9 1 10 1
2 1 4 1 1 5 2 9 2 10 1
2 2 6 3 1 4 1 4 1 7 1 7 1 11 1
2 2 6 3 1 4 1 5 1 7 1 9 1 11 1
2 1 4 3 1 4 2 7 2 11 1
2 2 6 3 1 5 1 5 1 9 1 9 1 11 1
2 1 4 3 1 5 2 9 2 11 1
3 2 6 0 1 0 1 1 1 1 1 2 1 11 1
3 2 6 0 1 0 1 1 1 1 1 6 1 7 1
3 2 6 0 1 1 1 2 1 5 1 8 1 11 1
3 2 6 0 1 1 1 5 1 6 1 7 1 8 1
3 1 4 0 2 1 2 2 1 11 1
3 1 4 0 2 1 2 6 1 7 1
3 2 6 2 1 5 1 5 1 8 1 8 1 11 1
3 1 4 2 1 5 2 8 2 11 1
3 2 6 5 1 5 1 6 1 7 1 8 1 8 1
3 1 4 5 2 6 1 7 1 8 2
4 2 6 0 1 1 1 1 1 2 1 2 1 11 1
4 2 6 0 1 1 1 2 1 5 1 6 1 11 1
4 1 4 0 1 1 2 2 2 11 1
4 2 6 0 1 5 1 5 1 6 1 6 1 11 1
4 1 4 0 1 5 2 6 2 11 1
4 2 6 1 1 1 1 2 1 2 1 7 1 8 1
4 2 6 1 1 2 1 5 1 6 1 7 1 8 1
4 1 4 1 2 2 2 7 1 8 1
4 2 6 5 1 5 1 6 1 6 1 7 1 8 1
4 1 4 5 2 6 2 7 1 8 1
5 2 6 0 1 0 1 4 1 4 1 6 1 10 1
5 2 6 0 1 0 1 4 1 4 1 8 1 9 1
5 2 6 0 1 2 1 3 1 4 1 6 1 10 1
5 2 6 0 1 2 1 3 1 4 1 8 1 9 1
5 1 4 0 2 4 2 6 1 10 1
5 1 4 0 2 4 2 8 1 9 1
5 2 6 2 1 2 1 3 1 3 1 6 1 10 1
5 2 6 2 1 2 1 3 1 3 1 8 1 9 1
5 1 4 2 2 3 2 6 1 10 1
5 1 4 2 2 3 2 8 1 9 1
6 2 6 1 1 1 1 3 1 7 1 9 1 9 1
6 2 6 1 1 1 1 5 1 9 1 9 1 10 1
6 2 6 1 1 3 1 4 1 7 1 9 1 11 1
6 2 6 1 1 4 1 5 1 9 1 10 1 11 1
6 1 4 1 2 3 1 7 1 9 2
6 1 4 1 2 5 1 9 2 10 1
6 2 6 3 1 4 1 4 1 7 1 11 1 11 1
6 1 4 3 1 4 2 7 1 11 2
6 2 6 4 1 4 1 5 1 10 1 11 1 11 1
6 1 4 4 2 5 1 10 1 11 2
7 2 6 0 1 0 1 3 1 6 1 9 1 9 1
7 2 6 0 1 0 1 4 1 8 1 9 1 9 1
7 2 6 0 1 2 1 3 1 6 1 9 1 10 1
7 2 6 0 1 2 1 4 1 8 1 9 1 10 1
7 1 4 0 2 3 1 6 1 9 2
7 1 4 0 2 4 1 8 1 9 2
7 2 6 2 1 2 1 3 1 6 1 10 1 10 1
7 2 6 2 1 2 1 4 1 8 1 10 1 10 1
7 1 4 2 2 3 1 6 1 10 2
7 1 4 2 2 4 1 8 1 10 2
8 2 6 1 1 1 1 4 1 7 1 10 1 10 1
8 2 6 1 1 1 1 5 1 9 1 10 1 10 1
8 2 6 1 1 3 1 4 1 7 1 10 1 11 1
8 2 6 1 1 3 1 5 1 9 1 10 1 11 1
8 1 4 1 2 4 1 7 1 10 2
8 1 4 1 2 5 1 9 1 10 2
8 2 6 3 1 3 1 4 1 7 1 11 1 11 1
8 2 6 3 1 3 1 5 1 9 1 11 1 11 1
8 1 4 3 2 4 1 7 1 11 2
8 1 4 3 2 5 1 9 1 11 2
9 2 6 0 1 1 1 2 1 2 1 11 1 11 1
9 2 6 0 1 1 1 2 1 6 1 7 1 11 1
9 1 4 0 1 1 1 2 2 11 2
9 2 6 0 1 1 1 6 1 6 1 7 1 7 1
9 1 4 0 1 1 1 6 2 7 2
9 2 6 2 1 2 1 5 1 8 1 11 1 11 1
9 2 6 2 1 5 1 6 1 7 1 8 1 11 1
9 1 4 2 2 5 1 8 1 11 2
9 2 6 5 1 6 1 6 1 7 1 7 1 8 1
9 1 4 5 1 6 2 7 2 8 1
10 2 6 0 1 0 1 1 1 2 1 11 1 11 1
10 2 6 0 1 0 1 5 1 6 1 11 1 11 1
10 2 6 0 1 1 1 2 1 7 1 8 1 11 1
10 2 6 0 1 5 1 6 1 7 1 8 1 11 1
10 1 4 0 2 1 1 2 1 11 2
10 1 4 0 2 5 1 6 1 11 2
10 2 6 1 1 2 1 7 1 7 1 8 1 8 1
10 1 4 1 1 2 1 7 2 8 2
10 2 6 5 1 6 1 7 1 7 1 8 1 8 1
10 1 4 5 1 6 1 7 2 8 2
11 2 6 0 1 4 1 6 1 6 1 10 1 10 1
11 2 6 0 1 4 1 6 1 8 1 9 1 10 1
11 1 4 0 1 4 1 6 2 10 2
11 2 6 0 1 4 1 8 1 8 1 9 1 9 1
11 1 4 0 1 4 1 8 2 9 2
11 2 6 2 1 3 1 6 1 6 1 10 1 10 1
11 2 6 2 1 3 1 6 1 8 1 9 1 10 1
11 1 4 2 1 3 1 6 2 10 2
11 2 6 2 1 3 1 8 1 8 1 9 1 9 1
11 1 4 2 1 3 1 8 2 9 2
