20 120
0 1 4 1 1 1
0 5 7 1 1 1
0 8 9 1 1 1
0 14 11 1 1 1
0 17 15 1 1 1
0 19 18 1 1 1
1 0 4 1 1 1
1 2 5 1 1 1
1 6 8 1 1 1
1 14 10 1 1 1
1 15 12 1 1 1
1 18 16 1 1 1
2 1 5 1 1 1
2 3 6 1 1 1
2 4 7 1 1 1
2 15 11 1 1 1
2 16 13 1 1 1
2 17 14 1 1 1
3 2 6 1 1 1
3 5 8 1 1 1
3 7 9 1 1 1
3 16 12 1 1 1
3 18 15 1 1 1
3 19 17 1 1 1
4 2 7 1 1 1
4 6 9 1 1 1
4 10 1 1 1 1
4 11 0 1 1 1
4 17 12 1 1 1
4 19 16 1 1 1
5 0 7 1 1 1
5 3 8 1 1 1
5 11 2 1 1 1
5 12 1 1 1 1
5 17 10 1 1 1
5 18 13 1 1 1
6 1 8 1 1 1
6 4 9 1 1 1
6 12 3 1 1 1
6 13 2 1 1 1
6 18 11 1 1 1
6 19 14 1 1 1
7 3 9 1 1 1
7 10 5 1 1 1
7 12 4 1 1 1
7 14 2 1 1 1
7 15 0 1 1 1
7 19 13 1 1 1
8 0 9 1 1 1
8 11 6 1 1 1
8 13 5 1 1 1
8 15 3 1 1 1
8 16 1 1 1 1
8 19 10 1 1 1
9 10 8 1 1 1
9 13 7 1 1 1
9 14 6 1 1 1
9 16 4 1 1 1
9 17 3 1 1 1
9 18 0 1 1 1
10 4 1 1 1 1
10 7 5 1 1 1
10 9 8 1 1 1
10 11 14 1 1 1
10 15 17 1 1 1
10 18 19 1 1 1
11 4 0 1 1 1
11 5 2 1 1 1
11 8 6 1 1 1
11 10 14 1 1 1
11 12 15 1 1 1
11 16 18 1 1 1
12 5 1 1 1 1
12 6 3 1 1 1
12 7 4 1 1 1
12 11 15 1 1 1
12 13 16 1 1 1
12 14 17 1 1 1
13 6 2 1 1 1
13 8 5 1 1 1
13 9 7 1 1 1
13 12 16 1 1 1
13 15 18 1 1 1
13 17 19 1 1 1
14 0 11 1 1 1
14 1 10 1 1 1
14 7 2 1 1 1
14 9 6 1 1 1
14 12 17 1 1 1
14 16 19 1 1 1
15 1 12 1 1 1
15 2 11 1 1 1
15 7 0 1 1 1
15 8 3 1 1 1
15 10 17 1 1 1
15 13 18 1 1 1
16 2 13 1 1 1
16 3 12 1 1 1
16 8 1 1 1 1
16 9 4 1 1 1
16 11 18 1 1 1
16 14 19 1 1 1
17 0 15 1 1 1
17 2 14 1 1 1
17 4 12 1 1 1
17 5 10 1 1 1
17 9 3 1 1 1
17 13 19 1 1 1
18 1 16 1 1 1
18 3 15 1 1 1
18 5 13 1 1 1
18 6 11 1 1 1
18 9 0 1 1 1
18 10 19 1 1 1
19 0 18 1 1 1
19 3 17 1 1 1
19 4 16 1 1 1
19 6 14 1 1 1
19 7 13 1 1 1
19 8 10 1 1 1
540
0 2 6 1 1 4 1 4 1 11 1 11 1 14 1
0 2 6 1 1 4 1 7 1 11 1 14 1 15 1
0 2 6 1 1 4 1 9 1 11 1 14 1 18 1
0 1 4 1 1 4 2 11 2 14 1
0 2 6 1 1 7 1 7 1 14 1 15 1 15 1
0 2 6 1 1 7 1 9 1 14 1 15 1 18 1
0 1 4 1 1 7 2 14 1 15 2
0 2 6 1 1 9 1 9 1 14 1 18 1 18 1
0 1 4 1 1 9 2 14 1 18 2
0 2 6 4 1 4 1 5 1 11 1 11 1 17 1
0 2 6 4 1 4 1 8 1 11 1 11 1 19 1
0 2 6 4 1 5 1 7 1 11 1 15 1 17 1
0 2 6 4 1 5 1 9 1 11 1 17 1 18 1
0 2 6 4 1 7 1 8 1 11 1 15 1 19 1
0 2 6 4 1 8 1 9 1 11 1 18 1 19 1
0 1 4 4 2 5 1 11 2 17 1
0 1 4 4 2 8 1 11 2 19 1
0 2 6 5 1 7 1 7 1 15 1 15 1 17 1
0 2 6 5 1 7 1 9 1 15 1 17 1 18 1
0 1 4 5 1 7 2 15 2 17 1
0 2 6 5 1 9 1 9 1 17 1 18 1 18 1
0 1 4 5 1 9 2 17 1 18 2
0 2 6 7 1 7 1 8 1 15 1 15 1 19 1
0 2 6 7 1 8 1 9 1 15 1 18 1 19 1
0 1 4 7 2 8 1 15 2 19 1
0 2 6 8 1 9 1 9 1 18 1 18 1 19 1
0 1 4 8 1 9 2 18 2 19 1
1 2 6 0 1 4 1 4 1 10 1 10 1 14 1
1 2 6 0 1 4 1 5 1 10 1 12 1 14 1
1 2 6 0 1 4 1 8 1 10 1 14 1 16 1
1 1 4 0 1 4 2 10 2 14 1
1 2 6 0 1 5 1 5 1 12 1 12 1 14 1
1 2 6 0 1 5 1 8 1 12 1 14 1 16 1
1 1 4 0 1 5 2 12 2 14 1
1 2 6 0 1 8 1 8 1 14 1 16 1 16 1
1 1 4 0 1 8 2 14 1 16 2
1 2 6 2 1 4 1 4 1 10 1 10 1 15 1
1 2 6 2 1 4 1 5 1 10 1 12 1 15 1
1 2 6 2 1 4 1 8 1 10 1 15 1 16 1
1 1 4 2 1 4 2 10 2 15 1
1 2 6 2 1 5 1 5 1 12 1 12 1 15 1
1 2 6 2 1 5 1 8 1 12 1 15 1 16 1
1 1 4 2 1 5 2 12 2 15 1
1 2 6 2 1 8 1 8 1 15 1 16 1 16 1
1 1 4 2 1 8 2 15 1 16 2
1 2 6 4 1 4 1 6 1 10 1 10 1 18 1
1 2 6 4 1 5 1 6 1 10 1 12 1 18 1
1 2 6 4 1 6 1 8 1 10 1 16 1 18 1
1 1 4 4 2 6 1 10 2 18 1
1 2 6 5 1 5 1 6 1 12 1 12 1 18 1
1 2 6 5 1 6 1 8 1 12 1 16 1 18 1
1 1 4 5 2 6 1 12 2 18 1
1 2 6 6 1 8 1 8 1 16 1 16 1 18 1
1 1 4 6 1 8 2 16 2 18 1
2 2 6 1 1 5 1 5 1 11 1 11 1 15 1
2 2 6 1 1 5 1 6 1 11 1 13 1 15 1
2 2 6 1 1 5 1 7 1 11 1 14 1 15 1
2 1 4 1 1 5 2 11 2 15 1
2 2 6 1 1 6 1 6 1 13 1 13 1 15 1
2 2 6 1 1 6 1 7 1 13 1 14 1 15 1
2 1 4 1 1 6 2 13 2 15 1
2 2 6 1 1 7 1 7 1 14 1 14 1 15 1
2 1 4 1 1 7 2 14 2 15 1
2 2 6 3 1 5 1 5 1 11 1 11 1 16 1
2 2 6 3 1 5 1 6 1 11 1 13 1 16 1
2 2 6 3 1 5 1 7 1 11 1 14 1 16 1
2 1 4 3 1 5 2 11 2 16 1
2 2 6 3 1 6 1 6 1 13 1 13 1 16 1
2 2 6 3 1 6 1 7 1 13 1 14 1 16 1
2 1 4 3 1 6 2 13 2 16 1
2 2 6 3 1 7 1 7 1 14 1 14 1 16 1
2 1 4 3 1 7 2 14 2 16 1
2 2 6 4 1 5 1 5 1 11 1 11 1 17 1
2 2 6 4 1 5 1 6 1 11 1 13 1 17 1
2 2 6 4 1 5 1 7 1 11 1 14 1 17 1
2 1 4 4 1 5 2 11 2 17 1
2 2 6 4 1 6 1 6 1 13 1 13 1 17 1
2 2 6 4 1 6 1 7 1 13 1 14 1 17 1
2 1 4 4 1 6 2 13 2 17 1
2 2 6 4 1 7 1 7 1 14 1 14 1 17 1
2 1 4 4 1 7 2 14 2 17 1
3 2 6 2 1 6 1 6 1 12 1 12 1 16 1
3 2 6 2 1 6 1 8 1 12 1 15 1 16 1
3 2 6 2 1 6 1 9 1 12 1 16 1 17 1
3 1 4 2 1 6 2 12 2 16 1
3 2 6 2 1 8 1 8 1 15 1 15 1 16 1
3 2 6 2 1 8 1 9 1 15 1 16 1 17 1
3 1 4 2 1 8 2 15 2 16 1
3 2 6 2 1 9 1 9 1 16 1 17 1 17 1
3 1 4 2 1 9 2 16 1 17 2
3 2 6 5 1 6 1 6 1 12 1 12 1 18 1
3 2 6 5 1 6 1 8 1 12 1 15 1 18 1
3 2 6 5 1 6 1 9 1 12 1 17 1 18 1
3 1 4 5 1 6 2 12 2 18 1
3 2 6 5 1 8 1 8 1 15 1 15 1 18 1
3 2 6 5 1 8 1 9 1 15 1 17 1 18 1
3 1 4 5 1 8 2 15 2 18 1
3 2 6 5 1 9 1 9 1 17 1 17 1 18 1
3 1 4 5 1 9 2 17 2 18 1
3 2 6 6 1 6 1 7 1 12 1 12 1 19 1
3 2 6 6 1 7 1 8 1 12 1 15 1 19 1
3 2 6 6 1 7 1 9 1 12 1 17 1 19 1
3 1 4 6 2 7 1 12 2 19 1
3 2 6 7 1 8 1 8 1 15 1 15 1 19 1
3 2 6 7 1 8 1 9 1 15 1 17 1 19 1
3 1 4 7 1 8 2 15 2 19 1
3 2 6 7 1 9 1 9 1 17 1 17 1 19 1
3 1 4 7 1 9 2 17 2 19 1
4 2 6 0 1 0 1 1 1 1 1 2 1 17 1
4 2 6 0 1 0 1 1 1 1 1 6 1 19 1
4 2 6 0 1 0 1 1 1 1 1 10 1 11 1
4 2 6 0 1 1 1 2 1 7 1 12 1 17 1
4 2 6 0 1 1 1 2 1 9 1 16 1 17 1
4 2 6 0 1 1 1 6 1 7 1 12 1 19 1
4 2 6 0 1 1 1 6 1 9 1 16 1 19 1
4 2 6 0 1 1 1 7 1 10 1 11 1 12 1
4 2 6 0 1 1 1 9 1 10 1 11 1 16 1
4 1 4 0 2 1 2 2 1 17 1
4 1 4 0 2 1 2 6 1 19 1
4 1 4 0 2 1 2 10 1 11 1
4 2 6 2 1 7 1 7 1 12 1 12 1 17 1
4 2 6 2 1 7 1 9 1 12 1 16 1 17 1
4 1 4 2 1 7 2 12 2 17 1
4 2 6 2 1 9 1 9 1 16 1 16 1 17 1
4 1 4 2 1 9 2 16 2 17 1
4 2 6 6 1 7 1 7 1 12 1 12 1 19 1
4 2 6 6 1 7 1 9 1 12 1 16 1 19 1
4 1 4 6 1 7 2 12 2 19 1
4 2 6 6 1 9 1 9 1 16 1 16 1 19 1
4 1 4 6 1 9 2 16 2 19 1
4 2 6 7 1 7 1 10 1 11 1 12 1 12 1
4 2 6 7 1 9 1 10 1 11 1 12 1 16 1
4 1 4 7 2 10 1 11 1 12 2
4 2 6 9 1 9 1 10 1 11 1 16 1 16 1
4 1 4 9 2 10 1 11 1 16 2
5 2 6 0 1 1 1 1 1 2 1 2 1 17 1
5 2 6 0 1 1 1 2 1 7 1 10 1 17 1
5 2 6 0 1 1 1 2 1 8 1 13 1 17 1
5 1 4 0 1 1 2 2 2 17 1
5 2 6 0 1 7 1 7 1 10 1 10 1 17 1
5 2 6 0 1 7 1 8 1 10 1 13 1 17 1
5 1 4 0 1 7 2 10 2 17 1
5 2 6 0 1 8 1 8 1 13 1 13 1 17 1
5 1 4 0 1 8 2 13 2 17 1
5 2 6 1 1 1 1 2 1 2 1 3 1 18 1
5 2 6 1 1 1 1 2 1 2 1 11 1 12 1
5 2 6 1 1 2 1 3 1 7 1 10 1 18 1
5 2 6 1 1 2 1 3 1 8 1 13 1 18 1
5 2 6 1 1 2 1 7 1 10 1 11 1 12 1
5 2 6 1 1 2 1 8 1 11 1 12 1 13 1
5 1 4 1 2 2 2 3 1 18 1
5 1 4 1 2 2 2 11 1 12 1
5 2 6 3 1 7 1 7 1 10 1 10 1 18 1
5 2 6 3 1 7 1 8 1 10 1 13 1 18 1
5 1 4 3 1 7 2 10 2 18 1
5 2 6 3 1 8 1 8 1 13 1 13 1 18 1
5 1 4 3 1 8 2 13 2 18 1
5 2 6 7 1 7 1 10 1 10 1 11 1 12 1
5 2 6 7 1 8 1 10 1 11 1 12 1 13 1
5 1 4 7 2 10 2 11 1 12 1
5 2 6 8 1 8 1 11 1 12 1 13 1 13 1
5 1 4 8 2 11 1 12 1 13 2
6 2 6 1 1 2 1 2 1 3 1 3 1 18 1
6 2 6 1 1 2 1 3 1 8 1 11 1 18 1
6 2 6 1 1 2 1 3 1 9 1 14 1 18 1
6 1 4 1 1 2 2 3 2 18 1
6 2 6 1 1 8 1 8 1 11 1 11 1 18 1
6 2 6 1 1 8 1 9 1 11 1 14 1 18 1
6 1 4 1 1 8 2 11 2 18 1
6 2 6 1 1 9 1 9 1 14 1 14 1 18 1
6 1 4 1 1 9 2 14 2 18 1
6 2 6 2 1 2 1 3 1 3 1 4 1 19 1
6 2 6 2 1 2 1 3 1 3 1 12 1 13 1
6 2 6 2 1 3 1 4 1 8 1 11 1 19 1
6 2 6 2 1 3 1 4 1 9 1 14 1 19 1
6 2 6 2 1 3 1 8 1 11 1 12 1 13 1
6 2 6 2 1 3 1 9 1 12 1 13 1 14 1
6 1 4 2 2 3 2 4 1 19 1
6 1 4 2 2 3 2 12 1 13 1
6 2 6 4 1 8 1 8 1 11 1 11 1 19 1
6 2 6 4 1 8 1 9 1 11 1 14 1 19 1
6 1 4 4 1 8 2 11 2 19 1
6 2 6 4 1 9 1 9 1 14 1 14 1 19 1
6 1 4 4 1 9 2 14 2 19 1
6 2 6 8 1 8 1 11 1 11 1 12 1 13 1
6 2 6 8 1 9 1 11 1 12 1 13 1 14 1
6 1 4 8 2 11 2 12 1 13 1
6 2 6 9 1 9 1 12 1 13 1 14 1 14 1
6 1 4 9 2 12 1 13 1 14 2
7 2 6 0 1 0 1 3 1 5 1 5 1 19 1
7 2 6 0 1 0 1 5 1 5 1 10 1 15 1
7 2 6 0 1 0 1 5 1 5 1 12 1 14 1
7 2 6 0 1 2 1 3 1 4 1 5 1 19 1
7 2 6 0 1 2 1 4 1 5 1 10 1 15 1
7 2 6 0 1 2 1 4 1 5 1 12 1 14 1
7 2 6 0 1 3 1 5 1 9 1 13 1 19 1
7 2 6 0 1 5 1 9 1 10 1 13 1 15 1
7 2 6 0 1 5 1 9 1 12 1 13 1 14 1
7 1 4 0 2 3 1 5 2 19 1
7 1 4 0 2 5 2 10 1 15 1
7 1 4 0 2 5 2 12 1 14 1
7 2 6 2 1 2 1 3 1 4 1 4 1 19 1
7 2 6 2 1 2 1 4 1 4 1 10 1 15 1
7 2 6 2 1 2 1 4 1 4 1 12 1 14 1
7 2 6 2 1 3 1 4 1 9 1 13 1 19 1
7 2 6 2 1 4 1 9 1 10 1 13 1 15 1
7 2 6 2 1 4 1 9 1 12 1 13 1 14 1
7 1 4 2 2 3 1 4 2 19 1
7 1 4 2 2 4 2 10 1 15 1
7 1 4 2 2 4 2 12 1 14 1
7 2 6 3 1 9 1 9 1 13 1 13 1 19 1
7 1 4 3 1 9 2 13 2 19 1
7 2 6 9 1 9 1 10 1 13 1 13 1 15 1
7 2 6 9 1 9 1 12 1 13 1 13 1 14 1
7 1 4 9 2 10 1 13 2 15 1
7 1 4 9 2 12 1 13 2 14 1
8 2 6 0 1 1 1 1 1 6 1 6 1 19 1
8 2 6 0 1 1 1 3 1 5 1 6 1 19 1
8 2 6 0 1 1 1 6 1 9 1 10 1 19 1
8 1 4 0 1 1 2 6 2 19 1
8 2 6 0 1 3 1 3 1 5 1 5 1 19 1
8 2 6 0 1 3 1 5 1 9 1 10 1 19 1
8 1 4 0 1 3 2 5 2 19 1
8 2 6 0 1 9 1 9 1 10 1 10 1 19 1
8 1 4 0 1 9 2 10 2 19 1
8 2 6 1 1 1 1 6 1 6 1 11 1 16 1
8 2 6 1 1 1 1 6 1 6 1 13 1 15 1
8 2 6 1 1 3 1 5 1 6 1 11 1 16 1
8 2 6 1 1 3 1 5 1 6 1 13 1 15 1
8 2 6 1 1 6 1 9 1 10 1 11 1 16 1
8 2 6 1 1 6 1 9 1 10 1 13 1 15 1
8 1 4 1 2 6 2 11 1 16 1
8 1 4 1 2 6 2 13 1 15 1
8 2 6 3 1 3 1 5 1 5 1 11 1 16 1
8 2 6 3 1 3 1 5 1 5 1 13 1 15 1
8 2 6 3 1 5 1 9 1 10 1 11 1 16 1
8 2 6 3 1 5 1 9 1 10 1 13 1 15 1
8 1 4 3 2 5 2 11 1 16 1
8 1 4 3 2 5 2 13 1 15 1
8 2 6 9 1 9 1 10 1 10 1 11 1 16 1
8 2 6 9 1 9 1 10 1 10 1 13 1 15 1
8 1 4 9 2 10 2 11 1 16 1
8 1 4 9 2 10 2 13 1 15 1
9 2 6 0 1 0 1 8 1 8 1 10 1 18 1
9 2 6 0 1 0 1 8 1 8 1 13 1 17 1
9 2 6 0 1 0 1 8 1 8 1 14 1 16 1
9 2 6 0 1 3 1 7 1 8 1 10 1 18 1
9 2 6 0 1 3 1 7 1 8 1 13 1 17 1
9 2 6 0 1 3 1 7 1 8 1 14 1 16 1
9 2 6 0 1 4 1 6 1 8 1 10 1 18 1
9 2 6 0 1 4 1 6 1 8 1 13 1 17 1
9 2 6 0 1 4 1 6 1 8 1 14 1 16 1
9 1 4 0 2 8 2 10 1 18 1
9 1 4 0 2 8 2 13 1 17 1
9 1 4 0 2 8 2 14 1 16 1
9 2 6 3 1 3 1 7 1 7 1 10 1 18 1
9 2 6 3 1 3 1 7 1 7 1 13 1 17 1
9 2 6 3 1 3 1 7 1 7 1 14 1 16 1
9 2 6 3 1 4 1 6 1 7 1 10 1 18 1
9 2 6 3 1 4 1 6 1 7 1 13 1 17 1
9 2 6 3 1 4 1 6 1 7 1 14 1 16 1
9 1 4 3 2 7 2 10 1 18 1
9 1 4 3 2 7 2 13 1 17 1
9 1 4 3 2 7 2 14 1 16 1
9 2 6 4 1 4 1 6 1 6 1 10 1 18 1
9 2 6 4 1 4 1 6 1 6 1 13 1 17 1
9 2 6 4 1 4 1 6 1 6 1 14 1 16 1
9 1 4 4 2 6 2 10 1 18 1
9 1 4 4 2 6 2 13 1 17 1
9 1 4 4 2 6 2 14 1 16 1
10 2 6 1 1 1 1 4 1 11 1 14 1 14 1
10 2 6 1 1 1 1 7 1 14 1 14 1 15 1
10 2 6 1 1 1 1 9 1 14 1 14 1 18 1
10 2 6 1 1 4 1 5 1 11 1 14 1 17 1
10 2 6 1 1 4 1 8 1 11 1 14 1 19 1
10 2 6 1 1 5 1 7 1 14 1 15 1 17 1
10 2 6 1 1 5 1 9 1 14 1 17 1 18 1
10 2 6 1 1 7 1 8 1 14 1 15 1 19 1
10 2 6 1 1 8 1 9 1 14 1 18 1 19 1
10 1 4 1 2 4 1 11 1 14 2
10 1 4 1 2 7 1 14 2 15 1
10 1 4 1 2 9 1 14 2 18 1
10 2 6 4 1 5 1 5 1 11 1 17 1 17 1
10 2 6 4 1 5 1 8 1 11 1 17 1 19 1
10 1 4 4 1 5 2 11 1 17 2
10 2 6 4 1 8 1 8 1 11 1 19 1 19 1
10 1 4 4 1 8 2 11 1 19 2
10 2 6 5 1 5 1 7 1 15 1 17 1 17 1
10 2 6 5 1 5 1 9 1 17 1 17 1 18 1
10 2 6 5 1 7 1 8 1 15 1 17 1 19 1
10 2 6 5 1 8 1 9 1 17 1 18 1 19 1
10 1 4 5 2 7 1 15 1 17 2
10 1 4 5 2 9 1 17 2 18 1
10 2 6 7 1 8 1 8 1 15 1 19 1 19 1
10 1 4 7 1 8 2 15 1 19 2
10 2 6 8 1 8 1 9 1 18 1 19 1 19 1
10 1 4 8 2 9 1 18 1 19 2
11 2 6 0 1 0 1 4 1 10 1 14 1 14 1
11 2 6 0 1 0 1 5 1 12 1 14 1 14 1
11 2 6 0 1 0 1 8 1 14 1 14 1 16 1
11 2 6 0 1 2 1 4 1 10 1 14 1 15 1
11 2 6 0 1 2 1 5 1 12 1 14 1 15 1
11 2 6 0 1 2 1 8 1 14 1 15 1 16 1
11 2 6 0 1 4 1 6 1 10 1 14 1 18 1
11 2 6 0 1 5 1 6 1 12 1 14 1 18 1
11 2 6 0 1 6 1 8 1 14 1 16 1 18 1
11 1 4 0 2 4 1 10 1 14 2
11 1 4 0 2 5 1 12 1 14 2
11 1 4 0 2 8 1 14 2 16 1
11 2 6 2 1 2 1 4 1 10 1 15 1 15 1
11 2 6 2 1 2 1 5 1 12 1 15 1 15 1
11 2 6 2 1 2 1 8 1 15 1 15 1 16 1
11 2 6 2 1 4 1 6 1 10 1 15 1 18 1
11 2 6 2 1 5 1 6 1 12 1 15 1 18 1
11 2 6 2 1 6 1 8 1 15 1 16 1 18 1
11 1 4 2 2 4 1 10 1 15 2
11 1 4 2 2 5 1 12 1 15 2
11 1 4 2 2 8 1 15 2 16 1
11 2 6 4 1 6 1 6 1 10 1 18 1 18 1
11 1 4 4 1 6 2 10 1 18 2
11 2 6 5 1 6 1 6 1 12 1 18 1 18 1
11 1 4 5 1 6 2 12 1 18 2
11 2 6 6 1 6 1 8 1 16 1 18 1 18 1
11 1 4 6 2 8 1 16 1 18 2
12 2 6 1 1 1 1 5 1 11 1 15 1 15 1
12 2 6 1 1 1 1 6 1 13 1 15 1 15 1
12 2 6 1 1 1 1 7 1 14 1 15 1 15 1
12 2 6 1 1 3 1 5 1 11 1 15 1 16 1
12 2 6 1 1 3 1 6 1 13 1 15 1 16 1
12 2 6 1 1 3 1 7 1 14 1 15 1 16 1
12 2 6 1 1 4 1 5 1 11 1 15 1 17 1
12 2 6 1 1 4 1 6 1 13 1 15 1 17 1
12 2 6 1 1 4 1 7 1 14 1 15 1 17 1
12 1 4 1 2 5 1 11 1 15 2
12 1 4 1 2 6 1 13 1 15 2
12 1 4 1 2 7 1 14 1 15 2
12 2 6 3 1 3 1 5 1 11 1 16 1 16 1
12 2 6 3 1 3 1 6 1 13 1 16 1 16 1
12 2 6 3 1 3 1 7 1 14 1 16 1 16 1
12 2 6 3 1 4 1 5 1 11 1 16 1 17 1
12 2 6 3 1 4 1 6 1 13 1 16 1 17 1
12 2 6 3 1 4 1 7 1 14 1 16 1 17 1
12 1 4 3 2 5 1 11 1 16 2
12 1 4 3 2 6 1 13 1 16 2
12 1 4 3 2 7 1 14 1 16 2
12 2 6 4 1 4 1 5 1 11 1 17 1 17 1
12 2 6 4 1 4 1 6 1 13 1 17 1 17 1
12 2 6 4 1 4 1 7 1 14 1 17 1 17 1
12 1 4 4 2 5 1 11 1 17 2
12 1 4 4 2 6 1 13 1 17 2
12 1 4 4 2 7 1 14 1 17 2
13 2 6 2 1 2 1 6 1 12 1 16 1 16 1
13 2 6 2 1 2 1 8 1 15 1 16 1 16 1
13 2 6 2 1 2 1 9 1 16 1 16 1 17 1
13 2 6 2 1 5 1 6 1 12 1 16 1 18 1
13 2 6 2 1 5 1 8 1 15 1 16 1 18 1
13 2 6 2 1 5 1 9 1 16 1 17 1 18 1
13 2 6 2 1 6 1 7 1 12 1 16 1 19 1
13 2 6 2 1 7 1 8 1 15 1 16 1 19 1
13 2 6 2 1 7 1 9 1 16 1 17 1 19 1
13 1 4 2 2 6 1 12 1 16 2
13 1 4 2 2 8 1 15 1 16 2
13 1 4 2 2 9 1 16 2 17 1
13 2 6 5 1 5 1 6 1 12 1 18 1 18 1
13 2 6 5 1 5 1 8 1 15 1 18 1 18 1
13 2 6 5 1 5 1 9 1 17 1 18 1 18 1
13 2 6 5 1 6 1 7 1 12 1 18 1 19 1
13 2 6 5 1 7 1 8 1 15 1 18 1 19 1
13 2 6 5 1 7 1 9 1 17 1 18 1 19 1
13 1 4 5 2 6 1 12 1 18 2
13 1 4 5 2 8 1 15 1 18 2
13 1 4 5 2 9 1 17 1 18 2
13 2 6 6 1 7 1 7 1 12 1 19 1 19 1
13 1 4 6 1 7 2 12 1 19 2
13 2 6 7 1 7 1 8 1 15 1 19 1 19 1
13 2 6 7 1 7 1 9 1 17 1 19 1 19 1
13 1 4 7 2 8 1 15 1 19 2
13 1 4 7 2 9 1 17 1 19 2
14 2 6 0 1 1 1 2 1 2 1 17 1 17 1
14 2 6 0 1 1 1 2 1 6 1 17 1 19 1
14 2 6 0 1 1 1 2 1 10 1 11 1 17 1
14 1 4 0 1 1 1 2 2 17 2
14 2 6 0 1 1 1 6 1 6 1 19 1 19 1
14 2 6 0 1 1 1 6 1 10 1 11 1 19 1
14 1 4 0 1 1 1 6 2 19 2
14 2 6 0 1 1 1 10 1 10 1 11 1 11 1
14 1 4 0 1 1 1 10 2 11 2
14 2 6 2 1 2 1 7 1 12 1 17 1 17 1
14 2 6 2 1 2 1 9 1 16 1 17 1 17 1
14 2 6 2 1 6 1 7 1 12 1 17 1 19 1
14 2 6 2 1 6 1 9 1 16 1 17 1 19 1
14 2 6 2 1 7 1 10 1 11 1 12 1 17 1
14 2 6 2 1 9 1 10 1 11 1 16 1 17 1
14 1 4 2 2 7 1 12 1 17 2
14 1 4 2 2 9 1 16 1 17 2
14 2 6 6 1 6 1 7 1 12 1 19 1 19 1
14 2 6 6 1 6 1 9 1 16 1 19 1 19 1
14 2 6 6 1 7 1 10 1 11 1 12 1 19 1
14 2 6 6 1 9 1 10 1 11 1 16 1 19 1
14 1 4 6 2 7 1 12 1 19 2
14 1 4 6 2 9 1 16 1 19 2
14 2 6 7 1 10 1 10 1 11 1 11 1 12 1
14 1 4 7 1 10 2 11 2 12 1
14 2 6 9 1 10 1 10 1 11 1 11 1 16 1
14 1 4 9 1 10 2 11 2 16 1
15 2 6 0 1 0 1 1 1 2 1 17 1 17 1
15 2 6 0 1 0 1 7 1 10 1 17 1 17 1
15 2 6 0 1 0 1 8 1 13 1 17 1 17 1
15 2 6 0 1 1 1 2 1 3 1 17 1 18 1
15 2 6 0 1 1 1 2 1 11 1 12 1 17 1
15 2 6 0 1 3 1 7 1 10 1 17 1 18 1
15 2 6 0 1 3 1 8 1 13 1 17 1 18 1
15 2 6 0 1 7 1 10 1 11 1 12 1 17 1
15 2 6 0 1 8 1 11 1 12 1 13 1 17 1
15 1 4 0 2 1 1 2 1 17 2
15 1 4 0 2 7 1 10 1 17 2
15 1 4 0 2 8 1 13 1 17 2
15 2 6 1 1 2 1 3 1 3 1 18 1 18 1
15 2 6 1 1 2 1 3 1 11 1 12 1 18 1
15 1 4 1 1 2 1 3 2 18 2
15 2 6 1 1 2 1 11 1 11 1 12 1 12 1
15 1 4 1 1 2 1 11 2 12 2
15 2 6 3 1 3 1 7 1 10 1 18 1 18 1
15 2 6 3 1 3 1 8 1 13 1 18 1 18 1
15 2 6 3 1 7 1 10 1 11 1 12 1 18 1
15 2 6 3 1 8 1 11 1 12 1 13 1 18 1
15 1 4 3 2 7 1 10 1 18 2
15 1 4 3 2 8 1 13 1 18 2
15 2 6 7 1 10 1 11 1 11 1 12 1 12 1
15 1 4 7 1 10 1 11 2 12 2
15 2 6 8 1 11 1 11 1 12 1 12 1 13 1
15 1 4 8 1 11 2 12 2 13 1
16 2 6 1 1 1 1 2 1 3 1 18 1 18 1
16 2 6 1 1 1 1 8 1 11 1 18 1 18 1
16 2 6 1 1 1 1 9 1 14 1 18 1 18 1
16 2 6 1 1 2 1 3 1 4 1 18 1 19 1
16 2 6 1 1 2 1 3 1 12 1 13 1 18 1
16 2 6 1 1 4 1 8 1 11 1 18 1 19 1
16 2 6 1 1 4 1 9 1 14 1 18 1 19 1
16 2 6 1 1 8 1 11 1 12 1 13 1 18 1
16 2 6 1 1 9 1 12 1 13 1 14 1 18 1
16 1 4 1 2 2 1 3 1 18 2
16 1 4 1 2 8 1 11 1 18 2
16 1 4 1 2 9 1 14 1 18 2
16 2 6 2 1 3 1 4 1 4 1 19 1 19 1
16 2 6 2 1 3 1 4 1 12 1 13 1 19 1
16 1 4 2 1 3 1 4 2 19 2
16 2 6 2 1 3 1 12 1 12 1 13 1 13 1
16 1 4 2 1 3 1 12 2 13 2
16 2 6 4 1 4 1 8 1 11 1 19 1 19 1
16 2 6 4 1 4 1 9 1 14 1 19 1 19 1
16 2 6 4 1 8 1 11 1 12 1 13 1 19 1
16 2 6 4 1 9 1 12 1 13 1 14 1 19 1
16 1 4 4 2 8 1 11 1 19 2
16 1 4 4 2 9 1 14 1 19 2
16 2 6 8 1 11 1 12 1 12 1 13 1 13 1
16 1 4 8 1 11 1 12 2 13 2
16 2 6 9 1 12 1 12 1 13 1 13 1 14 1
16 1 4 9 1 12 2 13 2 14 1
17 2 6 0 1 3 1 3 1 5 1 19 1 19 1
17 2 6 0 1 3 1 5 1 10 1 15 1 19 1
17 2 6 0 1 3 1 5 1 12 1 14 1 19 1
17 1 4 0 1 3 2 5 1 19 2
17 2 6 0 1 5 1 10 1 10 1 15 1 15 1
17 2 6 0 1 5 1 10 1 12 1 14 1 15 1
17 1 4 0 1 5 1 10 2 15 2
17 2 6 0 1 5 1 12 1 12 1 14 1 14 1
17 1 4 0 1 5 1 12 2 14 2
17 2 6 2 1 3 1 3 1 4 1 19 1 19 1
17 2 6 2 1 3 1 4 1 10 1 15 1 19 1
17 2 6 2 1 3 1 4 1 12 1 14 1 19 1
17 1 4 2 1 3 2 4 1 19 2
17 2 6 2 1 4 1 10 1 10 1 15 1 15 1
17 2 6 2 1 4 1 10 1 12 1 14 1 15 1
17 1 4 2 1 4 1 10 2 15 2
17 2 6 2 1 4 1 12 1 12 1 14 1 14 1
17 1 4 2 1 4 1 12 2 14 2
17 2 6 3 1 3 1 9 1 13 1 19 1 19 1
17 2 6 3 1 9 1 10 1 13 1 15 1 19 1
17 2 6 3 1 9 1 12 1 13 1 14 1 19 1
17 1 4 3 2 9 1 13 1 19 2
17 2 6 9 1 10 1 10 1 13 1 15 1 15 1
17 2 6 9 1 10 1 12 1 13 1 14 1 15 1
17 1 4 9 1 10 2 13 1 15 2
17 2 6 9 1 12 1 12 1 13 1 14 1 14 1
17 1 4 9 1 12 2 13 1 14 2
18 2 6 0 1 0 1 1 1 6 1 19 1 19 1
18 2 6 0 1 0 1 3 1 5 1 19 1 19 1
18 2 6 0 1 0 1 9 1 10 1 19 1 19 1
18 2 6 0 1 1 1 6 1 11 1 16 1 19 1
18 2 6 0 1 1 1 6 1 13 1 15 1 19 1
18 2 6 0 1 3 1 5 1 11 1 16 1 19 1
18 2 6 0 1 3 1 5 1 13 1 15 1 19 1
18 2 6 0 1 9 1 10 1 11 1 16 1 19 1
18 2 6 0 1 9 1 10 1 13 1 15 1 19 1
18 1 4 0 2 1 1 6 1 19 2
18 1 4 0 2 3 1 5 1 19 2
18 1 4 0 2 9 1 10 1 19 2
18 2 6 1 1 6 1 11 1 11 1 16 1 16 1
18 2 6 1 1 6 1 11 1 13 1 15 1 16 1
18 1 4 1 1 6 1 11 2 16 2
18 2 6 1 1 6 1 13 1 13 1 15 1 15 1
18 1 4 1 1 6 1 13 2 15 2
18 2 6 3 1 5 1 11 1 11 1 16 1 16 1
18 2 6 3 1 5 1 11 1 13 1 15 1 16 1
18 1 4 3 1 5 1 11 2 16 2
18 2 6 3 1 5 1 13 1 13 1 15 1 15 1
18 1 4 3 1 5 1 13 2 15 2
18 2 6 9 1 10 1 11 1 11 1 16 1 16 1
18 2 6 9 1 10 1 11 1 13 1 15 1 16 1
18 1 4 9 1 10 1 11 2 16 2
18 2 6 9 1 10 1 13 1 13 1 15 1 15 1
18 1 4 9 1 10 1 13 2 15 2
19 2 6 0 1 8 1 10 1 10 1 18 1 18 1
19 2 6 0 1 8 1 10 1 13 1 17 1 18 1
19 2 6 0 1 8 1 10 1 14 1 16 1 18 1
19 1 4 0 1 8 1 10 2 18 2
19 2 6 0 1 8 1 13 1 13 1 17 1 17 1
19 2 6 0 1 8 1 13 1 14 1 16 1 17 1
19 1 4 0 1 8 1 13 2 17 2
19 2 6 0 1 8 1 14 1 14 1 16 1 16 1
19 1 4 0 1 8 1 14 2 16 2
19 2 6 3 1 7 1 10 1 10 1 18 1 18 1
19 2 6 3 1 7 1 10 1 13 1 17 1 18 1
19 2 6 3 1 7 1 10 1 14 1 16 1 18 1
19 1 4 3 1 7 1 10 2 18 2
19 2 6 3 1 7 1 13 1 13 1 17 1 17 1
19 2 6 3 1 7 1 13 1 14 1 16 1 17 1
19 1 4 3 1 7 1 13 2 17 2
19 2 6 3 1 7 1 14 1 14 1 16 1 16 1
19 1 4 3 1 7 1 14 2 16 2
19 2 6 4 1 6 1 10 1 10 1 18 1 18 1
19 2 6 4 1 6 1 10 1 13 1 17 1 18 1
19 2 6 4 1 6 1 10 1 14 1 16 1 18 1
19 1 4 4 1 6 1 10 2 18 2
19 2 6 4 1 6 1 13 1 13 1 17 1 17 1
19 2 6 4 1 6 1 13 1 14 1 16 1 17 1
19 1 4 4 1 6 1 13 2 17 2
19 2 6 4 1 6 1 14 1 14 1 16 1 16 1
19 1 4 4 1 6 1 14 2 16 2
